   1.1272082e-02   2.4970337e+00
   8.5501767e-01   4.7698003e-01
   7.2816709e-02   1.0557457e+00
   1.1272082e-02   1.7786360e+00
   1.1272082e-02   2.3040933e+00
   3.9017620e-01   8.7476078e-01
   1.1272082e-02   2.6519042e+00
   5.3855068e-01   8.2786908e-01
   3.5956973e-01   9.3385311e-01
   8.5501767e-01   4.6153925e-01
   7.4223102e-01   7.1708257e-01
   1.1272082e-02   2.5303249e+00
   8.5501767e-01   5.3190154e-01
   1.1272082e-02   2.0900084e+00
   1.1272082e-02   2.1804474e+00
   7.2816709e-02   1.4923055e+00
   7.2816709e-02   1.4719772e+00
   1.1272082e-02   2.1842617e+00
   1.1272082e-02   2.3639555e+00
   1.1272082e-02   2.3974944e+00
   1.1272082e-02   2.3304531e+00
   1.1272082e-02   2.3180526e+00
   7.2816709e-02   1.6985463e+00
   1.1272082e-02   2.4938992e+00
   5.3855068e-01   7.3703692e-01
   9.3202948e-01   4.5388258e-01
   1.1272082e-02   2.0913515e+00
   1.1272082e-02   2.4516871e+00
   1.1272082e-02   2.7659124e+00
