   1.2311192e+01  -3.7614321e+03
   1.1092608e+01  -3.3351180e+03
   1.2192969e+01  -3.7416426e+03
   1.0616619e+01  -2.6977065e+03
   1.0607978e+01  -2.6542687e+03
   1.1262239e+01  -3.4120083e+03
   1.0623559e+01  -2.7258965e+03
   1.1604409e+01  -3.5519847e+03
   1.0895855e+01  -3.1693252e+03
   1.0877687e+01  -3.1350481e+03
   1.2083219e+01  -3.7285115e+03
   1.1929417e+01  -3.6958662e+03
   1.1758622e+01  -3.6408626e+03
   1.0718089e+01  -2.9549306e+03
   1.1735577e+01  -3.6141505e+03
   1.0655711e+01  -2.8284977e+03
   1.1432634e+01  -3.4843198e+03
   1.1189936e+01  -3.3816699e+03
   1.1683182e+01  -3.6022037e+03
   1.2277360e+01  -3.7518404e+03
   1.1043754e+01  -3.3012541e+03
   1.0644364e+01  -2.7887368e+03
   1.0965670e+01  -3.2223843e+03
   1.1925013e+01  -3.6931089e+03
   1.0682731e+01  -2.8899747e+03
   1.1343775e+01  -3.4346719e+03
   1.1866320e+01  -3.6647534e+03
   1.0693382e+01  -2.9189346e+03
   1.0857062e+01  -3.1238351e+03
   1.0787451e+01  -3.0373074e+03
   1.1358061e+01  -3.4540659e+03
   1.1501088e+01  -3.5151612e+03
   1.0994655e+01  -3.2484847e+03
   1.0822425e+01  -3.0687010e+03
   1.1261791e+01  -3.4116016e+03
   1.0728572e+01  -2.9651376e+03
   1.0746750e+01  -2.9959463e+03
   1.1432634e+01  -3.4843198e+03
   1.1579540e+01  -3.5272742e+03
   1.0943132e+01  -3.2100935e+03
