   1.2049176e+01  -4.3240549e+03
   1.1174263e+01  -4.1005231e+03
   1.0636223e+01  -3.6423662e+03
   1.0636223e+01  -3.6423662e+03
   1.1049625e+01  -4.0410172e+03
   1.0647913e+01  -3.6703465e+03
   1.0676471e+01  -3.7248701e+03
   1.0758567e+01  -3.8129311e+03
   1.0660411e+01  -3.6910535e+03
   1.0958607e+01  -3.9777972e+03
   1.1144042e+01  -4.0810700e+03
   1.0792942e+01  -3.8486494e+03
   1.1736867e+01  -4.2694278e+03
   1.0905219e+01  -3.9320848e+03
   1.1598425e+01  -4.2462334e+03
   1.0974582e+01  -4.0023968e+03
   1.0702420e+01  -3.7532808e+03
   1.0846344e+01  -3.8920279e+03
   1.1135000e+01  -4.0642523e+03
   1.1250560e+01  -4.1359136e+03
   1.0823552e+01  -3.8724090e+03
   1.1797311e+01  -4.2786749e+03
   1.1370245e+01  -4.1745499e+03
   1.1547167e+01  -4.2253749e+03
   1.1092260e+01  -4.0634539e+03
   1.1854610e+01  -4.2889630e+03
   1.0866135e+01  -3.9232183e+03
   1.1410893e+01  -4.1882020e+03
   1.1328349e+01  -4.1650278e+03
   1.1066841e+01  -4.0541842e+03
   1.1703695e+01  -4.2608023e+03
   1.1015220e+01  -4.0267963e+03
   1.0925195e+01  -3.9691106e+03
   1.0974582e+01  -4.0023968e+03
   1.1244612e+01  -4.1193999e+03
   1.1924315e+01  -4.3035770e+03
   1.1201390e+01  -4.1043327e+03
   1.1477519e+01  -4.2135104e+03
   1.1983348e+01  -4.3117956e+03
   1.2046290e+01  -4.3187710e+03
