   1.9511880e+01  -4.8003932e+03
   1.0713770e+01  -3.3268993e+03
   1.0968480e+01  -3.5220637e+03
   1.0645883e+01  -3.2331831e+03
   1.0584736e+01  -3.1413071e+03
   1.7443936e+01  -4.5039539e+03
   1.2291137e+01  -3.8642367e+03
   1.3448045e+01  -4.0615547e+03
   1.4549442e+01  -4.1779497e+03
   1.5859491e+01  -4.3244412e+03
   1.1781998e+01  -3.7096683e+03
   1.2834370e+01  -3.9522008e+03
   1.1163169e+01  -3.5844924e+03
   1.7691143e+01  -4.5322654e+03
   1.2584227e+01  -3.8850560e+03
   1.1502458e+01  -3.6657813e+03
   1.7106438e+01  -4.4663731e+03
   1.0860158e+01  -3.3918659e+03
   1.6198709e+01  -4.3536706e+03
   1.3867660e+01  -4.1026841e+03
   1.3005112e+01  -3.9948864e+03
   1.7890643e+01  -4.5763593e+03
   1.1356866e+01  -3.6122798e+03
   1.5402201e+01  -4.2667844e+03
   1.2099822e+01  -3.8048808e+03
   1.8234820e+01  -4.6197499e+03
   1.8852911e+01  -4.7114964e+03
   1.6748679e+01  -4.4269199e+03
   1.3311278e+01  -4.0010280e+03
   1.8028657e+01  -4.6009567e+03
   1.5721786e+01  -4.2998668e+03
   1.8534685e+01  -4.6585645e+03
   1.8353960e+01  -4.6435537e+03
   1.6871136e+01  -4.4502220e+03
   1.4874387e+01  -4.1893163e+03
   1.9265448e+01  -4.7652004e+03
   1.1681899e+01  -3.6920889e+03
   1.6448051e+01  -4.3760694e+03
   1.5146426e+01  -4.2365799e+03
   1.6550170e+01  -4.4150738e+03
