   9.8730567e-01   5.0365284e-01
   3.3249038e-02   1.1464998e+00
   8.5983373e-01   6.0638634e-01
   1.0594891e+00   1.5298772e-01
   5.3563435e-01   9.2730073e-01
   1.0104804e-01   1.0957709e+00
   8.7776275e-01   5.7331747e-01
   1.1100596e+00   8.9655038e-02
   6.0190191e-01   8.6304354e-01
   3.3249038e-02   1.1464998e+00
   7.4122360e-02   1.1186702e+00
   1.3106615e-01   1.0695463e+00
   6.3097446e-01   8.5670293e-01
   1.1272362e+00   5.3239773e-02
   1.0302989e+00   1.9630560e-01
   4.8302208e-01   1.0244572e+00
   1.0215202e+00   4.7968553e-01
   1.0286880e+00   2.4257541e-01
   8.0502415e-01   8.0743270e-01
   2.1702867e-01   1.0282840e+00
   6.9335547e-01   8.5540948e-01
   5.7920697e-01   8.9449695e-01
   8.4656083e-01   6.9658102e-01
   1.0426203e+00   1.7652050e-01
   1.1049072e+00   1.0122836e-01
   1.1472734e+00   1.1571197e-02
   1.0743972e+00   1.2499530e-01
   7.9912728e-01   8.3738087e-01
   9.8142062e-01   5.1949265e-01
   5.1189824e-01   9.9414291e-01
   1.8192127e-01   1.0401821e+00
   1.0268840e+00   4.7951794e-01
   1.1462105e+00   5.1217017e-02
   1.1526020e-01   1.0862841e+00
   8.4652949e-01   7.4330918e-01
   8.2756367e-01   7.8328382e-01
   9.2827619e-01   5.5113538e-01
   7.4687419e-01   8.3817585e-01
   5.5630196e-01   9.1151652e-01
   8.4490810e-01   7.6263671e-01
