   4.2737419e-01   7.0313641e-01
   9.6892609e-01   2.9502424e-01
   3.9498783e-01   7.2644710e-01
   1.8328994e-01   8.7765811e-01
   5.9035364e-01   5.8554959e-01
   4.9700853e-01   6.3951903e-01
   8.3584874e-01   4.1067350e-01
   1.4313945e-06   1.5206149e+00
   6.0974091e-06   1.2930051e+00
   2.7029080e-01   8.2294596e-01
   5.6914882e-01   5.8573483e-01
   8.9541590e-01   3.5153384e-01
   3.9498783e-01   7.2644710e-01
   5.6914882e-01   5.8573483e-01
   0.0000000e+00   1.6570284e+00
   9.4511301e-02   9.3658770e-01
   1.6008983e-01   8.8859540e-01
   6.4172648e-01   5.6101385e-01
   3.6349532e-06   1.3972628e+00
   1.3480951e-07   1.5876852e+00
   6.5616562e-01   5.2258215e-01
   7.2846703e-01   4.7875754e-01
   3.3746582e-01   7.5983619e-01
   4.8000499e-01   6.5245050e-01
   8.3584874e-01   4.1067350e-01
   2.9357815e-06   1.4761961e+00
   3.1167733e-01   7.7557950e-01
   4.9700853e-01   6.3951903e-01
   1.2640232e-05   1.1804296e+00
   1.6669387e-03   1.1261611e+00
   8.0086127e-01   4.3496676e-01
   2.4258400e-01   8.3435036e-01
   1.6901449e-02   9.9589217e-01
   1.0139750e-01   9.3594766e-01
   4.3723855e-06   1.3311393e+00
   0.0000000e+00   1.6570284e+00
   9.0989990e-03   1.0074816e+00
   6.6114355e-06   1.1987300e+00
   8.9543684e-01   3.5038346e-01
   7.3787357e-01   4.6374099e-01
