  -2.3059425e+02   2.9291776e+01
  -2.3668426e+02   3.0554139e+01
  -2.3493287e+02   2.9836482e+01
  -1.5097506e+02   2.2641177e+01
  -1.1382538e+02   1.3992506e+01
  -1.0839823e+02   7.6810570e+00
  -1.1321075e+02   1.2771316e+01
  -2.1544123e+02   2.7520894e+01
  -2.5108358e+02   5.4207196e+01
  -1.1645901e+02   2.0189957e+01
  -9.2731078e+01   6.6031651e+00
  -1.8509864e+02   2.5198484e+01
  -1.1301538e+02   9.9405717e+00
  -2.5546704e+02   6.3347643e+01
  -1.1099670e+02   8.9306909e+00
  -1.9633684e+02   2.6099945e+01
  -1.3178163e+02   2.1207971e+01
  -8.6048405e+01   6.1259915e+00
  -1.2628438e+02   2.0845913e+01
  -2.1122501e+02   2.7247164e+01
  -5.3244159e+01   5.2829755e+00
  -1.4657509e+02   2.2318842e+01
  -2.0734789e+02   2.6757714e+01
  -1.5470955e+02   2.2930651e+01
  -2.3706436e+02   3.1626640e+01
  -2.2597696e+02   2.8590905e+01
  -2.6485175e+02   7.3149167e+01
  -4.8262563e+01   5.0061685e+00
  -9.7023498e+01   6.7313016e+00
  -1.8928888e+02   2.5468169e+01
  -2.4488053e+02   4.2451110e+01
  -1.0544720e+02   7.1873959e+00
  -1.6148444e+02   2.3334489e+01
  -1.9240249e+02   2.5775711e+01
  -1.7217502e+02   2.4286255e+01
  -1.3591953e+02   2.1778761e+01
  -2.0165338e+02   2.6327831e+01
  -1.1312999e+02   1.2388817e+01
  -2.5058054e+02   5.1241166e+01
  -9.9201920e+01   6.9000187e+00
  -7.5463414e+01   5.9246565e+00
  -2.4629807e+02   4.4543641e+01
  -2.0445451e+02   2.6416043e+01
  -2.5543736e+02   6.1876765e+01
  -2.3841560e+02   3.2565865e+01
  -2.6123751e+02   6.7719030e+01
  -2.4036480e+02   3.3015066e+01
  -2.5921131e+02   6.6039531e+01
  -1.6719933e+02   2.3891143e+01
  -2.4377493e+02   3.9404292e+01
  -2.5110166e+02   5.4230604e+01
  -1.9936187e+02   2.6163420e+01
  -1.1816489e+02   2.0431661e+01
  -1.7452946e+02   2.4509657e+01
  -2.5472385e+02   5.8847468e+01
  -1.1068291e+02   8.0691315e+00
  -2.6485175e+02   7.3149167e+01
  -2.4874737e+02   4.7170880e+01
  -6.7070681e+01   5.5122501e+00
  -2.4716116e+02   4.6338431e+01
  -2.4179833e+02   3.5733386e+01
  -2.5026829e+02   4.9125900e+01
  -2.4438825e+02   4.1019869e+01
  -2.4228380e+02   3.8023119e+01
  -2.5426092e+02   5.6692291e+01
  -1.7996049e+02   2.4880292e+01
  -2.4571266e+02   4.3842549e+01
  -2.6439967e+02   7.2572085e+01
  -1.5921801e+02   2.3257587e+01
  -8.3811952e+01   6.0211154e+00
  -1.4078692e+02   2.2141768e+01
  -2.4227974e+02   3.7072407e+01
  -2.3402204e+02   2.9521327e+01
  -2.2010697e+02   2.8058929e+01
  -2.5730809e+02   6.3689579e+01
  -2.6123751e+02   6.7719030e+01
  -6.9341885e+01   5.7065057e+00
  -2.1611455e+02   2.7541453e+01
  -1.1382538e+02   1.3992506e+01
  -2.2261778e+02   2.8257381e+01
