   1.1154727e-01   9.8598500e-01
   1.0637742e+00   1.0657820e-03
   4.5524528e-01   9.1662586e-01
   9.5275658e-02   9.9925990e-01
   6.0210735e-03   1.0496270e+00
   7.7204794e-01   6.7646552e-01
   7.7279709e-01   6.0865943e-01
   2.0266823e-01   9.2942928e-01
   9.3405161e-01   4.4437137e-01
   9.3647768e-01   1.8499393e-01
   8.8680273e-01   4.6904663e-01
   8.3889248e-01   4.9678714e-01
   4.9551738e-01   8.5473517e-01
   1.6456063e-01   9.4047245e-01
   5.2957161e-01   7.8910128e-01
   1.4214373e-01   9.5845710e-01
   4.7401082e-01   8.8454843e-01
   3.7071314e-02   1.0470168e+00
   1.2663822e-01   9.6769150e-01
   7.0999987e-01   7.6522144e-01
   7.6444236e-01   7.1194100e-01
   7.3743581e-01   7.5550781e-01
   6.0210735e-03   1.0496270e+00
   7.7608264e-01   5.7749949e-01
   9.2055462e-01   4.6837218e-01
   1.0035329e+00   9.3019892e-02
   1.0447439e+00   2.8715460e-02
   9.8423073e-01   1.3237120e-01
   5.0363834e-01   8.1387490e-01
   5.8092580e-02   1.0363210e+00
   1.0637742e+00   1.0657820e-03
   7.9952014e-01   5.1499949e-01
   7.7225114e-01   6.5919591e-01
   6.0835405e-01   7.7624110e-01
   6.5996607e-01   7.7353054e-01
   9.7224789e-01   1.3340207e-01
   8.0786403e-01   5.0838628e-01
   6.0211442e-01   7.8514858e-01
   1.0286307e+00   8.6432057e-02
   7.0141388e-01   7.7163226e-01
