   1.0000000e+00   0.0000000e+00
   2.7996759e-01   4.7643681e-01
   1.0324812e-01   6.8024323e-01
   8.5760546e-05   1.0125976e+00
   2.2924276e-08   1.1387899e+00
   9.7663481e-01   1.2725611e-02
   6.1682530e-02   7.5648328e-01
   4.6106592e-01   3.2275857e-01
   1.0000000e+00   0.0000000e+00
   2.0503095e-01   5.4805206e-01
   1.6980375e-01   5.9632617e-01
   8.6640447e-01   7.1260742e-02
   9.9309278e-01   4.5945293e-03
   4.2779078e-01   3.4841881e-01
   1.4058328e-01   6.3248240e-01
   0.0000000e+00   1.2992448e+00
   8.4682334e-01   8.1257183e-02
   4.4541413e-01   3.3548350e-01
   9.1633752e-02   7.0462337e-01
   3.4763495e-01   4.1640071e-01
   1.4387806e-02   8.9616979e-01
   3.5915051e-09   1.2534869e+00
   8.6145966e-04   9.7818670e-01
   2.1136340e-03   9.6166473e-01
   9.1580629e-01   4.4929809e-02
   1.3276352e-01   6.5703642e-01
   2.1812148e-01   5.3731207e-01
   1.4249240e-05   1.0470284e+00
   1.8005757e-02   8.6828954e-01
   3.1022766e-02   8.3024108e-01
   7.7457409e-01   1.2033889e-01
   3.5449310e-03   9.4524755e-01
   7.5064548e-02   7.2892728e-01
   5.5855261e-01   2.5627250e-01
   5.2358906e-01   2.7949379e-01
   5.4379130e-01   2.6740284e-01
   5.9587095e-06   1.0834117e+00
   7.2574824e-01   1.4942706e-01
   1.1810656e-01   6.5977399e-01
   8.2824935e-01   9.0814044e-02
   2.5909769e-01   4.9423512e-01
   5.8546873e-01   2.4142673e-01
   7.4052473e-01   1.3995050e-01
   5.9915674e-01   2.3480604e-01
   3.5699299e-01   4.0450258e-01
   2.9562974e-01   4.5978088e-01
   1.2187990e-02   9.1066405e-01
   4.2206266e-01   3.5523310e-01
   4.7717517e-02   7.8511423e-01
   3.6577463e-01   3.9814991e-01
   1.5202914e-05   1.0469010e+00
   1.7029194e-02   8.7198400e-01
   9.0271252e-01   5.1725969e-02
   9.4519118e-01   3.0258333e-02
   4.8902638e-06   1.1135407e+00
   4.7469528e-01   3.1245529e-01
   1.0535095e-01   6.7921284e-01
   3.2504886e-01   4.3377871e-01
   6.9274077e-01   1.6828305e-01
   5.6868341e-01   2.4791498e-01
   8.1548719e-01   9.9308755e-02
   8.0486908e-01   1.0340543e-01
   8.5024217e-01   7.9635685e-02
   4.9160802e-01   3.0117625e-01
   7.0937270e-01   1.6017436e-01
   7.8294594e-01   1.1632284e-01
   2.6235272e-01   4.9312317e-01
   4.7935741e-01   3.1087668e-01
   7.6217659e-01   1.2842399e-01
   6.6486544e-01   1.8546781e-01
   3.8529168e-01   3.8055148e-01
   9.4801356e-01   2.7704906e-02
   4.9328033e-06   1.0942475e+00
   8.8370974e-01   6.0358118e-02
   2.4613721e-01   5.0603991e-01
   6.7627030e-01   1.7877697e-01
   2.2755234e-01   5.2690378e-01
   3.9674531e-01   3.7303227e-01
   1.1550250e-04   1.0111870e+00
   3.3289398e-02   8.2044072e-01
