   8.2344284e-01  -4.5932463e-01
   2.4419673e-05   1.0327891e+00
   6.1572162e-03   9.4923956e-01
   1.8286436e-01   6.6919697e-01
   4.1375335e-01   1.8438024e-01
   2.5751943e-01   2.4232104e-01
   6.3273215e-01  -3.3664404e-01
   6.1872386e-01  -1.2872078e-01
   6.3572934e-01  -3.7013474e-01
   6.2148605e-01  -1.7540400e-01
   8.2398523e-01  -4.7043668e-01
   8.2810995e-01  -5.4881037e-01
   2.3855177e-02   8.4797854e-01
   4.6522878e-02   7.5828382e-01
   4.5412364e-01  -1.2395714e-01
   6.4494563e-01  -4.3876868e-01
   4.2125266e-01   9.1446203e-02
   6.5246800e-01  -4.5820253e-01
   1.9899876e-01   5.6261526e-01
   8.3754764e-01  -6.8811536e-01
   6.2670254e-01  -2.5766743e-01
   8.3141111e-02   6.6971033e-01
   2.0889166e-01   4.8555656e-01
   2.1657727e-01   4.2858202e-01
   8.3393675e-01  -6.4207103e-01
   6.2501181e-01  -2.3193168e-01
   5.3984386e-02   7.2750398e-01
   8.4514468e-01  -7.5342106e-01
   4.2295213e-01   7.2504283e-02
   2.2664161e-01   3.5949138e-01
   1.6452224e-02   8.7819791e-01
   4.4507154e-01  -1.0500120e-01
   8.5179244e-01  -7.7225228e-01
   2.0696565e-01   5.0165316e-01
   4.3321201e-01  -2.5687238e-02
   2.0174576e-01   5.5698644e-01
   1.8835646e-01   6.3727868e-01
   2.3268147e-01   3.2317855e-01
   2.6856030e-04   1.0210510e+00
   4.0960914e-01   2.4079606e-01
