   3.5467291e-02   8.2456637e-01
   9.8901005e-01   4.1988126e-02
   1.0273573e-01   7.8758062e-01
   3.8447298e-01   5.3295486e-01
   8.2892675e-01   1.0980577e-01
   1.3004059e-01   6.5601485e-01
   6.0349332e-01   2.4765434e-01
   7.7868149e-01   1.1880512e-01
   4.0944177e-01   3.6874200e-01
   2.0808232e-01   6.0960341e-01
   5.3335353e-01   2.8687960e-01
   3.9215599e-01   5.1687330e-01
   3.9215599e-01   5.1687330e-01
   3.5467291e-02   9.9736572e-01
   3.5467291e-02   8.2456637e-01
   1.0273573e-01   7.8580670e-01
   8.2892675e-01   1.0980577e-01
   3.5467291e-02   9.4338091e-01
   4.0944177e-01   3.6874200e-01
   3.5467291e-02   9.5106684e-01
   3.9215599e-01   4.4497250e-01
   1.0273573e-01   8.0193119e-01
   4.8988675e-01   3.0934799e-01
   1.0273573e-01   6.9650618e-01
   3.8447298e-01   5.3295486e-01
   8.2892675e-01   1.0980577e-01
   9.8901005e-01   4.1988126e-02
   9.8901005e-01   8.0790855e-02
   2.0808232e-01   5.4554440e-01
   9.0255042e-01   8.8010136e-02
   3.5467291e-02   8.7641109e-01
   6.0349332e-01   2.4765434e-01
   3.5467291e-02   9.4338091e-01
   4.8988675e-01   3.0832056e-01
   2.0808232e-01   6.4352489e-01
   1.0273573e-01   8.0193119e-01
   3.8447298e-01   5.3295486e-01
   2.0808232e-01   6.0960341e-01
