   2.3109945e-01   4.5039887e-01
   4.3736938e-01   6.3657054e-02
   4.3519114e-02   7.9794972e-01
   8.4646821e-01  -7.1441146e-01
   4.2757466e-01   1.5483220e-01
   7.0183784e-03   1.0429050e+00
   2.0779897e-01   5.3651863e-01
   8.4646821e-01  -6.7239348e-01
   8.4646821e-01  -7.1441146e-01
   4.3736938e-01   8.7095001e-02
   2.3718941e-01   2.9678493e-01
   4.3519114e-02   7.9794972e-01
   4.2757466e-01   2.3335570e-01
   4.2757466e-01   1.5483220e-01
   4.3736938e-01   6.3657054e-02
   2.0779897e-01   5.4838293e-01
   2.0779897e-01   5.6258866e-01
   2.3109945e-01   4.5039887e-01
   2.3109945e-01   3.7731006e-01
   2.3109945e-01   4.5039887e-01
   4.2757466e-01   1.5483220e-01
   7.0183784e-03   9.9966826e-01
   8.4646821e-01  -7.5984054e-01
